20.0
20.0053
20.0064
20.0067
20.0107
20.0128
20.0133
20.016
20.0192
20.02
20.0214
20.0256
20.0267
20.0321
20.0334
20.0374
20.0385
20.0401
20.0428
20.0449
20.0468
20.0481
20.0513
20.0535
20.0578
20.0588
20.0602
20.0642
20.0669
20.0696
20.0706
20.0736
20.0749
20.0771
20.0803
20.0835
20.0857
20.087
20.09
20.0911
20.0938
20.0965
20.1005
20.1018
20.1029
20.1072
20.1094
20.1126
20.114
20.1159
20.118
20.1207
20.1223
20.1234
20.1275
20.1288
20.1342
20.1353
20.1396
20.141
20.1418
20.145
20.1478
20.1483
20.1505
20.1545
20.1548
20.1559
20.1613
20.1667
20.1678
20.1681
20.1721
20.1743
20.1748
20.1776
20.1808
20.1816
20.183
20.1873
20.1884
20.1939
20.1952
20.1993
20.2004
20.202
20.2047
20.2069
20.2088
20.2102
20.2135
20.2156
20.22
20.2211
20.2224
20.2265
20.2293
20.232
20.2331
20.2361
20.2375
20.2396
20.2429
20.2462
20.2484
20.2497
20.2528
20.2538
20.2566
20.2593
20.2634
20.2648
20.2659
20.2703
20.2725
20.2758
20.2771
20.279
20.2812
20.284
20.2856
20.2867
20.2908
20.2922
20.2977
20.2988
20.3032
20.3046
20.3054
20.3087
20.3114
20.312
20.3142
20.3183
20.3186
20.3197
20.3252
20.3307
20.3318
20.3321
20.3362
20.3384
20.339
20.3417
20.3451
20.3459
20.3473
20.3517
20.3528
20.3583
20.3597
20.3638
20.3649
20.3666
20.3694
20.3716
20.3735
20.3749
20.3782
20.3804
20.3849
20.386
20.3874
20.3915
20.3943
20.3971
20.3982
20.4012
20.4026
20.4048
20.4082
20.4115
20.4137
20.4151
20.4182
20.4193
20.4221
20.4248
20.429
20.4304
20.4315
20.436
20.4382
20.4415
20.4429
20.4449
20.4471
20.4499
20.4516
20.4527
20.4569
20.4583
20.4638
20.465
20.4694
20.4708
20.4717
20.475
20.4778
20.4784
20.4806
20.4848
20.4851
20.4862
20.4918
20.4974
20.4985
20.4988
20.503
20.5052
20.5058
20.5086
20.512
20.5128
20.5142
20.5187
20.5198
20.5255
20.5269
20.5311
20.5322
20.5339
20.5367
20.5389
20.5409
20.5423
20.5457
20.5479
20.5524
20.5536
20.555
20.5592
20.562
20.5648
20.566
20.5691
20.5705
20.5727
20.5761
20.5795
20.5818
20.5832
20.5863
20.5874
20.5903
20.5931
20.5973
20.5987
20.5999
20.6044
20.6067
20.6101
20.6115
20.6135
20.6157
20.6186
20.6203
20.6214
20.6256
20.6271
20.6327
20.6339
20.6384
20.6398
20.6407
20.6441
20.6469
20.6475
20.6498
20.654
20.6543
20.6555
20.6612
20.6669
20.668
20.6683
20.6725
20.6748
20.6754
20.6782
20.6817
20.6825
20.6839
20.6885
20.6897
20.6954
20.6968
20.7011
20.7022
20.7039
20.7068
20.7091
20.7111
20.7125
20.7159
20.7182
20.7228
20.724
20.7254
20.7297
20.7326
20.7354
20.7366
20.7397
20.7412
20.7434
20.7469
20.7503
20.7526
20.7541
20.7572
20.7584
20.7612
20.7641
20.7684
20.7699
20.771
20.7756
20.7779
20.7814
20.7828
20.7848
20.7871
20.79
20.7917
20.7929
20.7972
20.7987
20.8044
20.8056
20.8102
20.8117
20.8125
20.816
20.8189
20.8195
20.8218
20.8261
20.8264
20.8275
20.8333
20.8391
20.8403
20.8406
20.8449
20.8472
20.8478
20.8507
20.8542
20.8551
20.8565
20.8611
20.8623
20.8681
20.8696
20.8739
20.8751
20.8768
20.8797
20.8821
20.8841
20.8855
20.889
20.8914
20.896
20.8972
20.8986
20.903
20.9059
20.9088
20.91
20.9132
20.9147
20.917
20.9205
20.924
20.9263
20.9278
20.931
20.9322
20.9351
20.938
20.9424
20.9439
20.945
20.9497
20.9521
20.9556
20.957
20.9591
20.9614
20.9644
20.9661
20.9673
20.9717
20.9732
20.979
20.9802
20.9849
20.9864
20.9872
20.9908
20.9937
20.9943
20.9966
21.0011
21.0013
21.0025
21.0084
21.0143
21.0155
21.0158
21.0202
21.0225
21.0231
21.0261
21.0296
21.0305
21.032
21.0367
21.0379
21.0438
21.0452
21.0497
21.0509
21.0526
21.0556
21.058
21.06
21.0615
21.065
21.0674
21.0722
21.0733
21.0748
21.0793
21.0822
21.0852
21.0864
21.0896
21.0911
21.0935
21.097
21.1006
21.103
21.1045
21.1077
21.1089
21.1119
21.1149
21.1193
21.1208
21.122
21.1268
21.1291
21.1327
21.1342
21.1363
21.1387
21.1416
21.1434
21.1446
21.1491
21.1506
21.1566
21.1578
21.1625
21.164
21.1649
21.1685
21.1715
21.1721
21.1745
21.179
21.1793
21.1805
21.1864
21.1924
21.1936
21.1939
21.1984
21.2008
21.2014
21.2044
21.208
21.2089
21.2104
21.2152
21.2164
21.2224
21.2239
21.2284
21.2296
21.2314
21.2344
21.2368
21.2389
21.2404
21.2441
21.2465
21.2513
21.2525
21.254
21.2585
21.2615
21.2645
21.2657
21.2691
21.2706
21.273
21.2766
21.2802
21.2826
21.2841
21.2875
21.2887
21.2917
21.2947
21.2993
21.3008
21.302
21.3068
21.3092
21.3129
21.3144
21.3165
21.3189
21.322
21.3238
21.325
21.3295
21.3311
21.3371
21.3383
21.3432
21.3447
21.3456
21.3493
21.3523
21.3529
21.3554
21.3599
21.3602
21.3614
21.3675
21.3736
21.3748
21.3751
21.3797
21.3821
21.3828
21.3858
21.3895
21.3904
21.3919
21.3968
21.398
21.4041
21.4056
21.4102
21.4114
21.4133
21.4163
21.4188
21.4209
21.4225
21.4261
21.4286
21.4335
21.4347
21.4362
21.4408
21.4439
21.447
21.4482
21.4516
21.4531
21.4555
21.4592
21.4629
21.4654
21.4669
21.4703
21.4715
21.4746
21.4777
21.4823
21.4838
21.485
21.49
21.4924
21.4961
21.4977
21.4998
21.5023
21.5054
21.5072
21.5085
21.5131
21.5146
21.5208
21.522
21.527
21.5285
21.5295
21.5332
21.5363
21.5369
21.5393
21.544
21.5443
21.5455
21.5517
21.5579
21.5592
21.5595
21.5641
21.5666
21.5672
21.5703
21.574
21.575
21.5765
21.5815
21.5827
21.5889
21.5905
21.5952
21.5964
21.5983
21.6014
21.6039
21.606
21.6076
21.6113
21.6138
21.6188
21.6201
21.6216
21.6263
21.6294
21.6325
21.6338
21.6372
21.6388
21.6413
21.645
21.6488
21.6513
21.6528
21.6563
21.6575
21.6606
21.6638
21.6685
21.67
21.6713
21.6763
21.6788
21.6826
21.6841
21.6863
21.6888
21.692
21.6939
21.6951
21.6998
21.7014
21.7077
21.7089
21.714
21.7155
21.7165
21.7202
21.7234
21.724
21.7265
21.7313
21.7316
21.7328
21.7391
21.7454
21.7467
21.747
21.7517
21.7543
21.7549
21.7581
21.7618
21.7628
21.7644
21.7694
21.7707
21.777
21.7786
21.7833
21.7846
21.7865
21.7897
21.7922
21.7944
21.796
21.7998
21.8023
21.8074
21.8087
21.8103
21.815
21.8182
21.8214
21.8226
21.8261
21.8277
21.8302
21.8341
21.8379
21.8404
21.842
21.8455
21.8468
21.85
21.8531
21.8579
21.8595
21.8608
21.8659
21.8684
21.8723
21.8739
21.8761
21.8786
21.8818
21.8838
21.885
21.8898
21.8914
21.8978
21.8991
21.9042
21.9058
21.9068
21.9106
21.9138
21.9144
21.917
21.9218
21.9221
21.9234
21.9298
21.9362
21.9375
21.9378
21.9427
21.9452
21.9459
21.9491
21.9529
21.9539
21.9555
21.9606
21.9619
21.9684
21.97
21.9748
21.9761
21.978
21.9812
21.9838
21.9861
21.9877
21.9916
21.9941
21.9993
22.0006
22.0022
22.007
22.0103
22.0135
22.0148
22.0183
22.02
22.0226
22.0264
22.0303
22.0329
22.0345
22.0381
22.0394
22.0426
22.0459
22.0507
22.0523
22.0536
22.0588
22.0614
22.0653
22.0669
22.0692
22.0718
22.0751
22.077
22.0783
22.0832
22.0848
22.0913
22.0926
22.0978
22.0994
22.1004
22.1043
22.1076
22.1082
22.1108
22.1157
22.1161
22.1174
22.1239
22.1304
22.1317
22.1321
22.137
22.1396
22.1402
22.1435
22.1474
22.1484
22.15
22.1553
22.1566
22.1631
22.1648
22.1697
22.171
22.1729
22.1762
22.1789
22.1811
22.1828
22.1867
22.1893
22.1946
22.1959
22.1976
22.2025
22.2058
22.2091
22.2104
22.214
22.2156
22.2183
22.2222
22.2262
22.2288
22.2305
22.2341
22.2354
22.2387
22.242
22.2469
22.2486
22.2499
22.2552
22.2578
22.2618
22.2635
22.2658
22.2684
22.2717
22.2737
22.275
22.28
22.2816
22.2883
22.2896
22.2949
22.2965
22.2975
22.3015
22.3048
22.3055
22.3081
22.3131
22.3135
22.3148
22.3214
22.3281
22.3294
22.3297
22.3347
22.3374
22.338
22.3414
22.3454
22.3464
22.348
22.3534
22.3547
22.3614
22.363
22.368
22.3694
22.3714
22.3747
22.3774
22.3797
22.3814
22.3854
22.3881
22.3934
22.3947
22.3964
22.4014
22.4048
22.4081
22.4095
22.4131
22.4148
22.4175
22.4215
22.4255
22.4282
22.4299
22.4336
22.4349
22.4383
22.4417
22.4467
22.4484
22.4497
22.4551
22.4578
22.4618
22.4635
22.4659
22.4685
22.4719
22.4739
22.4753
22.4803
22.482
22.4888
22.4901
22.4955
22.4972
22.4982
22.5023
22.5056
22.5063
22.509
22.5141
22.5144
22.5158
22.5225
22.5293
22.5306
22.531
22.5361
22.5388
22.5394
22.5428
22.5469
22.5479
22.5496
22.555
22.5564
22.5632
22.5649
22.57
22.5713
22.5734
22.5768
22.5795
22.5819
22.5836
22.5876
22.5904
22.5958
22.5972
22.5989
22.604
22.6074
22.6108
22.6122
22.6159
22.6176
22.6203
22.6244
22.6285
22.6313
22.633
22.6367
22.6381
22.6415
22.6449
22.6501
22.6518
22.6531
22.6586
22.6613
22.6655
22.6672
22.6696
22.6723
22.6757
22.6778
22.6792
22.6843
22.686
22.6929
22.6943
22.6998
22.7015
22.7025
22.7066
22.7101
22.7108
22.7135
22.7187
22.719
22.7204
22.7273
22.7342
22.7355
22.7359
22.7411
22.7438
22.7445
22.748
22.7521
22.7531
22.7549
22.7604
22.7618
22.7687
22.7704
22.7756
22.777
22.779
22.7825
22.7853
22.7877
22.7894
22.7936
22.7964
22.8019
22.8033
22.805
22.8102
22.8137
22.8172
22.8185
22.8224
22.8241
22.8269
22.8311
22.8352
22.838
22.8397
22.8436
22.845
22.8484
22.8519
22.8571
22.8589
22.8603
22.8659
22.8686
22.8728
22.8746
22.877
22.8798
22.8833
22.8854
22.8868
22.892
22.8938
22.9008
22.9022
22.9078
22.9095
22.9106
22.9148
22.9183
22.919
22.9218
22.927
22.9274
22.9288
22.9358
22.9428
22.9442
22.9446
22.9498
22.9526
22.9533
22.9568
22.9611
22.9621
22.9639
22.9695
22.9709
22.9779
22.9797
22.985
22.9864
22.9885
22.992
22.9948
22.9973
22.9991
23.0033
23.0061
23.0118
23.0132
23.015
23.0203
23.0238
23.0273
23.0287
23.0326
23.0344
23.0372
23.0415
23.0457
23.0486
23.0503
23.0542
23.0556
23.0592
23.0627
23.0681
23.0698
23.0712
23.0769
23.0798
23.084
23.0858
23.0883
23.0911
23.0947
23.0968
23.0982
23.1036
23.1054
23.1125
23.1139
23.1196
23.1214
23.1225
23.1267
23.1303
23.131
23.1339
23.1392
23.1396
23.141
23.1481
23.1553
23.1567
23.1571
23.1624
23.1653
23.166
23.1696
23.1739
23.175
23.1768
23.1825
23.1839
23.1911
23.1929
23.1983
23.1997
23.2019
23.2054
23.2083
23.2108
23.2126
23.2169
23.2198
23.2256
23.227
23.2288
23.2342
23.2378
23.2414
23.2428
23.2468
23.2486
23.2515
23.2558
23.2601
23.263
23.2648
23.2688
23.2702
23.2739
23.2775
23.2829
23.2847
23.2861
23.2919
23.2948
23.2992
23.301
23.3035
23.3064
23.31
23.3122
23.3136
23.3191
23.3209
23.3281
23.3296
23.3354
23.3372
23.3383
23.3427
23.3463
23.347
23.3499
23.3554
23.3558
23.3572
23.3645
23.3718
23.3732
23.3736
23.3791
23.382
23.3827
23.3863
23.3907
23.3918
23.3936
23.3995
23.4009
23.4082
23.4101
23.4155
23.417
23.4192
23.4229
23.4258
23.4283
23.4302
23.4346
23.4375
23.4434
23.4448
23.4467
23.4522
23.4558
23.4595
23.461
23.465
23.4668
23.4698
23.4742
23.4786
23.4815
23.4834
23.4874
23.4889
23.4926
23.4962
23.5018
23.5036
23.5051
23.511
23.5139
23.5183
23.5202
23.5228
23.5257
23.5294
23.5316
23.5331
23.5386
23.5405
23.5479
23.5494
23.5553
23.5571
23.5582
23.5627
23.5664
23.5671
23.5701
23.5756
23.576
23.5775
23.5849
23.5923
23.5938
23.5942
23.5997
23.6027
23.6035
23.6072
23.6116
23.6128
23.6146
23.6206
23.622
23.6295
23.6314
23.6369
23.6384
23.6407
23.6444
23.6474
23.65
23.6518
23.6563
23.6593
23.6653
23.6668
23.6686
23.6742
23.678
23.6817
23.6832
23.6873
23.6892
23.6922
23.6967
23.7012
23.7042
23.706
23.7102
23.7117
23.7154
23.7192
23.7248
23.7267
23.7282
23.7342
23.7372
23.7417
23.7436
23.7462
23.7492
23.753
23.7552
23.7567
23.7624
23.7643
23.7718
23.7733
23.7793
23.7812
23.7823
23.7869
23.7906
23.7914
23.7944
23.8001
23.8005
23.802
23.8095
23.8171
23.8186
23.819
23.8247
23.8277
23.8284
23.8322
23.8368
23.8379
23.8398
23.8459
23.8474
23.855
23.8569
23.8626
23.8641
23.8663
23.8701
23.8732
23.8758
23.8777
23.8823
23.8854
23.8914
23.893
23.8949
23.9006
23.9044
23.9082
23.9097
23.9139
23.9158
23.9189
23.9234
23.928
23.9311
23.933
23.9372
23.9387
23.9425
23.9464
23.9521
23.954
23.9555
23.9617
23.9647
23.9693
23.9712
23.9739
23.977
23.9808
23.9831
23.9846
23.9904
23.9923
24.0
24.0015
24.0077
24.0096
24.0108
24.0154
24.0192
24.02
24.0231
24.0288
24.0292
24.0308
24.0385
24.0462
24.0477
24.0481
24.0539
24.057
24.0577
24.0616
24.0662
24.0674
24.0693
24.0755
24.077
24.0848
24.0867
24.0925
24.0941
24.0964
24.1003
24.1034
24.1061
24.108
24.1127
24.1158
24.122
24.1235
24.1255
24.1313
24.1352
24.139
24.1406
24.1449
24.1468
24.1499
24.1546
24.1593
24.1624
24.1643
24.1686
24.1702
24.1741
24.1779
24.1838
24.1857
24.1873
24.1935
24.1967
24.2014
24.2033
24.206
24.2092
24.2131
24.2154
24.217
24.2229
24.2248
24.2326
24.2342
24.2405
24.2424
24.2436
24.2483
24.2522
24.253
24.2561
24.262
24.2624
24.264
24.2718
24.2797
24.2813
24.2817
24.2876
24.2907
24.2915
24.2954
24.3002
24.3013
24.3033
24.3096
24.3112
24.3191
24.321
24.327
24.3285
24.3309
24.3348
24.338
24.3408
24.3427
24.3475
24.3506
24.357
24.3586
24.3605
24.3665
24.3704
24.3744
24.376
24.3803
24.3823
24.3855
24.3902
24.395
24.3982
24.4002
24.4045
24.4061
24.4101
24.4141
24.42
24.422
24.4236
24.43
24.4332
24.4379
24.4399
24.4427
24.4459
24.4499
24.4523
24.4539
24.4598
24.4618
24.4698
24.4714
24.4778
24.4798
24.481
24.4858
24.4898
24.4906
24.4938
24.4998
24.5002
24.5018
24.5098
24.5178
24.5194
24.5198
24.5258
24.529
24.5298
24.5339
24.5387
24.5399
24.5419
24.5483
24.5499
24.558
24.56
24.566
24.5676
24.57
24.574
24.5773
24.5801
24.5821
24.5869
24.5902
24.5966
24.5982
24.6002
24.6063
24.6103
24.6144
24.616
24.6204
24.6225
24.6257
24.6305
24.6354
24.6386
24.6407
24.6451
24.6467
24.6508
24.6548
24.6609
24.6629
24.6646
24.6711
24.6743
24.6792
24.6812
24.684
24.6873
24.6914
24.6938
24.6954
24.7015
24.7036
24.7117
24.7133
24.7198
24.7219
24.7231
24.728
24.7321
24.7329
24.7361
24.7423
24.7427
24.7443
24.7525
24.7606
24.7623
24.7627
24.7688
24.7721
24.7729
24.777
24.7819
24.7831
24.7852
24.7917
24.7934
24.8016
24.8036
24.8098
24.8114
24.8139
24.818
24.8213
24.8242
24.8262
24.8311
24.8344
24.841
24.8427
24.8447
24.8509
24.855
24.8591
24.8608
24.8653
24.8674
24.8707
24.8756
24.8806
24.8839
24.8859
24.8905
24.8921
24.8963
24.9004
24.9066
24.9087
24.9103
24.9169
24.9203
24.9252
24.9273
24.9302
24.9335
24.9377
24.9401
24.9418
24.948
24.9501
24.9584
24.9601
24.9667
24.9688
24.97
24.975
24.9792
24.98
24.9833
24.9896
24.99
24.9917
25.0
25.0083
25.01
25.0104
25.0167
25.02
25.0209
25.025
25.03
25.0313
25.0334
25.0401
25.0417
25.0501
25.0522
25.0585
25.0601
25.0627
25.0668
25.0702
25.0731
25.0752
25.0803
25.0836
25.0903
25.092
25.0941
25.1004
25.1046
25.1088
25.1105
25.1151
25.1172
25.1206
25.1256
25.1307
25.134
25.1362
25.1408
25.1425
25.1467
25.1509
25.1572
25.1593
25.161
25.1678
25.1712
25.1762
25.1783
25.1813
25.1847
25.1889
25.1915
25.1931
25.1995
25.2016
25.2101
25.2118
25.2186
25.2207
25.222
25.227
25.2313
25.2321
25.2355
25.2419
25.2423
25.244
25.2525
25.261
25.2627
25.2632
25.2695
25.2729
25.2738
25.2781
25.2832
25.2845
25.2866
25.2934
25.2951
25.3036
25.3058
25.3122
25.3139
25.3165
25.3207
25.3241
25.3271
25.3293
25.3344
25.3378
25.3447
25.3464
25.3485
25.355
25.3593
25.3635
25.3653
25.37
25.3721
25.3756
25.3807
25.3859
25.3893
25.3915
25.3962
25.3979
25.4022
25.4065
25.413
25.4151
25.4168
25.4237
25.4272
25.4323
25.4345
25.4375
25.441
25.4453
25.4479
25.4496
25.4561
25.4582
25.4669
25.4686
25.4755
25.4777
25.479
25.4842
25.4885
25.4894
25.4929
25.4994
25.4998
25.5015
25.5102
25.5189
25.5206
25.5211
25.5276
25.531
25.5319
25.5363
25.5415
25.5428
25.545
25.5519
25.5537
25.5624
25.5646
25.5711
25.5728
25.5754
25.5798
25.5833
25.5864
25.5885
25.5938
25.5973
25.6043
25.606
25.6082
25.6148
25.6191
25.6235
25.6253
25.6301
25.6323
25.6358
25.641
25.6463
25.6498
25.652
25.6568
25.6586
25.663
25.6674
25.6739
25.6761
25.6779
25.6849
25.6885
25.6937
25.6959
25.699
25.7025
25.7069
25.7096
25.7113
25.718
25.7202
25.729
25.7308
25.7378
25.74
25.7414
25.7467
25.7511
25.752
25.7555
25.7621
25.7626
25.7643
25.7732
25.7821
25.7838
25.7843
25.7909
25.7945
25.7954
25.7998
25.8051
25.8065
25.8087
25.8158
25.8176
25.8264
25.8287
25.8353
25.8371
25.8398
25.8442
25.8478
25.8509
25.8532
25.8585
25.8621
25.8692
25.871
25.8732
25.8799
25.8844
25.8889
25.8906
25.8956
25.8978
25.9014
25.9067
25.9121
25.9157
25.9179
25.9229
25.9246
25.9291
25.9336
25.9403
25.9426
25.9444
25.9516
25.9551
25.9605
25.9628
25.9659
25.9695
25.974
25.9767
25.9785
25.9853
25.9875
25.9965
25.9983
26.0055
26.0078
26.0092
26.0146
26.0191
26.02
26.0236
26.0304
26.0308
26.0326
26.0417
26.0507
26.0525
26.053
26.0598
26.0634
26.0643
26.0688
26.0743
26.0756
26.0779
26.0851
26.087
26.096
26.0983
26.1051
26.1069
26.1097
26.1142
26.1178
26.121
26.1233
26.1288
26.1324
26.1397
26.1415
26.1438
26.1506
26.1552
26.1597
26.1616
26.1666
26.1689
26.1725
26.178
26.1835
26.1872
26.1894
26.1945
26.1963
26.2009
26.2055
26.2123
26.2146
26.2164
26.2238
26.2274
26.2329
26.2352
26.2385
26.2421
26.2467
26.2495
26.2513
26.2582
26.2605
26.2697
26.2715
26.2789
26.2812
26.2826
26.2881
26.2927
26.2936
26.2973
26.3043
26.3047
26.3066
26.3158
26.325
26.3269
26.3273
26.3343
26.338
26.3389
26.3435
26.3491
26.3505
26.3528
26.3602
26.362
26.3713
26.3736
26.3806
26.3824
26.3852
26.3899
26.3936
26.3968
26.3992
26.4047
26.4085
26.4159
26.4178
26.4201
26.4271
26.4317
26.4364
26.4382
26.4434
26.4457
26.4494
26.455
26.4606
26.4644
26.4667
26.4718
26.4737
26.4784
26.4831
26.4901
26.4924
26.4943
26.5018
26.5055
26.5111
26.5135
26.5168
26.5205
26.5252
26.528
26.5299
26.5369
26.5393
26.5487
26.5506
26.5581
26.5604
26.5618
26.5675
26.5722
26.5731
26.5769
26.584
26.5844
26.5863
26.5957
26.6052
26.6071
26.6075
26.6146
26.6184
26.6193
26.6241
26.6297
26.6312
26.6335
26.6411
26.643
26.6525
26.6548
26.6619
26.6638
26.6667
26.6714
26.6752
26.6785
26.6809
26.6866
26.6904
26.698
26.6999
26.7023
26.7094
26.7142
26.7189
26.7208
26.7261
26.7284
26.7322
26.738
26.7437
26.7475
26.7499
26.7551
26.757
26.7618
26.7666
26.7738
26.7762
26.7781
26.7857
26.7895
26.7953
26.7977
26.801
26.8049
26.8097
26.8125
26.8144
26.8216
26.824
26.8336
26.8356
26.8432
26.8456
26.8471
26.8528
26.8577
26.8586
26.8625
26.8697
26.8702
26.8721
26.8817
26.8914
26.8933
26.8938
26.901
26.9049
26.9058
26.9107
26.9165
26.9179
26.9203
26.928
26.93
26.9397
26.9421
26.9493
26.9513
26.9542
26.959
26.9629
26.9663
26.9687
26.9745
26.9784
26.9862
26.9881
26.9906
26.9978
27.0027
27.0076
27.0095
27.0149
27.0173
27.0212
27.027
27.0329
27.0368
27.0392
27.0446
27.0465
27.0514
27.0563
27.0636
27.066
27.068
27.0758
27.0797
27.0856
27.088
27.0915
27.0954
27.1003
27.1032
27.1052
27.1125
27.115
27.1248
27.1267
27.1346
27.137
27.1385
27.1444
27.1493
27.1503
27.1542
27.1616
27.1621
27.1641
27.1739
27.1838
27.1857
27.1862
27.1936
27.1976
27.1985
27.2035
27.2094
27.2109
27.2134
27.2213
27.2232
27.2331
27.2356
27.243
27.245
27.248
27.2529
27.2569
27.2603
27.2628
27.2688
27.2727
27.2807
27.2826
27.2851
27.2926
27.2975
27.3025
27.3045
27.31
27.3125
27.3164
27.3224
27.3284
27.3324
27.3349
27.3403
27.3423
27.3473
27.3523
27.3598
27.3623
27.3643
27.3723
27.3763
27.3823
27.3848
27.3883
27.3923
27.3973
27.4003
27.4023
27.4098
27.4123
27.4223
27.4243
27.4323
27.4348
27.4363
27.4424
27.4474
27.4484
27.4524
27.46
27.4605
27.4625
27.4725
27.4826
27.4846
27.4851
27.4927
27.4967
27.4977
27.5028
27.5088
27.5103
27.5128
27.5209
27.5229
27.533
27.5356
27.5432
27.5452
27.5482
27.5533
27.5573
27.5609
27.5634
27.5695
27.5735
27.5816
27.5837
27.5862
27.5938
27.5989
27.604
27.606
27.6116
27.6141
27.6182
27.6243
27.6304
27.6345
27.637
27.6426
27.6447
27.6498
27.6549
27.6625
27.6651
27.6671
27.6753
27.6794
27.6855
27.688
27.6916
27.6957
27.7008
27.7039
27.7059
27.7136
27.7162
27.7264
27.7285
27.7367
27.7393
27.7408
27.7469
27.7521
27.7531
27.7572
27.7649
27.7654
27.7675
27.7778
27.7881
27.7901
27.7906
27.7984
27.8025
27.8035
27.8087
27.8149
27.8164
27.819
27.8272
27.8293
27.8396
27.8422
27.85
27.852
27.8552
27.8603
27.8645
27.8681
27.8707
27.8769
27.881
27.8893
27.8914
27.894
27.9018
27.907
27.9122
27.9142
27.92
27.9226
27.9267
27.933
27.9392
27.9434
27.946
27.9517
27.9538
27.959
27.9642
27.972
27.9746
27.9767
27.9851
27.9893
27.9955
27.9981
28.0018
28.006
28.0112
28.0143
28.0164
28.0243
28.0269
28.0374
28.0395
28.0479
28.0505
28.0521
28.0584
28.0636
28.0647
28.0689
28.0767
28.0773
28.0794
28.0899
28.1004
28.1025
28.103
28.1109
28.1152
28.1162
28.1215
28.1278
28.1294
28.132
28.1405
28.1426
28.1532
28.1558
28.1637
28.1658
28.169
28.1743
28.1785
28.1822
28.1849
28.1912
28.1955
28.204
28.2061
28.2087
28.2167
28.222
28.2273
28.2294
28.2353
28.238
28.2422
28.2486
28.255
28.2592
28.2619
28.2678
28.2699
28.2752
28.2805
28.2885
28.2912
28.2933
28.3019
28.3062
28.3126
28.3152
28.319
28.3233
28.3286
28.3318
28.334
28.342
28.3447
28.3554
28.3575
28.3661
28.3688
28.3704
28.3768
28.3822
28.3833
28.3876
28.3956
28.3962
28.3983
28.4091
28.4199
28.422
28.4225
28.4306
28.4349
28.436
28.4414
28.4479
28.4495
28.4522
28.4608
28.463
28.4738
28.4765
28.4846
28.4868
28.49
28.4954
28.4998
28.5036
28.5063
28.5128
28.5171
28.5258
28.528
28.5307
28.5388
28.5442
28.5497
28.5519
28.5578
28.5605
28.5649
28.5714
28.578
28.5823
28.585
28.591
28.5932
28.5987
28.6041
28.6123
28.615
28.6172
28.626
28.6303
28.6369
28.6396
28.6434
28.6478
28.6533
28.6566
28.6588
28.667
28.6697
28.6807
28.6829
28.6917
28.6944
28.6961
28.7026
28.7081
28.7092
28.7136
28.7219
28.7224
28.7246
28.7356
28.7466
28.7489
28.7494
28.7577
28.7621
28.7632
28.7687
28.7753
28.777
28.7797
28.7886
28.7908
28.8018
28.8046
28.8129
28.8151
28.8184
28.824
28.8284
28.8323
28.8351
28.8417
28.8462
28.855
28.8573
28.86
28.8684
28.8739
28.8795
28.8817
28.8878
28.8906
28.8951
28.9017
28.9084
28.9129
28.9157
28.9218
28.924
28.9296
28.9352
28.9436
28.9464
28.9486
28.9575
28.962
28.9687
28.9715
28.9754
28.9799
28.9855
28.9889
28.9911
28.9995
29.0023
29.0135
29.0158
29.0248
29.0276
29.0293
29.036
29.0416
29.0428
29.0473
29.0557
29.0563
29.0585
29.0698
29.081
29.0833
29.0839
29.0923
29.0968
29.098
29.1036
29.1104
29.1121
29.1149
29.124
29.1262
29.1375
29.1404
29.1489
29.1511
29.1545
29.1602
29.1647
29.1687
29.1715
29.1783
29.1829
29.192
29.1942
29.1971
29.2056
29.2113
29.217
29.2193
29.2255
29.2284
29.2329
29.2398
29.2466
29.2512
29.254
29.2603
29.2626
29.2683
29.274
29.2826
29.2854
29.2877
29.2969
29.3015
29.3083
29.3112
29.3152
29.3198
29.3255
29.329
29.3312
29.3399
29.3427
29.3542
29.3565
29.3657
29.3686
29.3703
29.3772
29.383
29.3841
29.3887
29.3974
29.3979
29.4002
29.4118
29.4233
29.4256
29.4262
29.4349
29.4395
29.4406
29.4464
29.4533
29.4551
29.458
29.4672
29.4695
29.4811
29.484
29.4927
29.495
29.4985
29.5043
29.509
29.513
29.5159
29.5229
29.5276
29.5369
29.5392
29.5421
29.5508
29.5567
29.5625
29.5648
29.5712
29.5741
29.5788
29.5858
29.5928
29.5975
29.6004
29.6068
29.6092
29.615
29.6209
29.6296
29.6326
29.6349
29.6443
29.649
29.656
29.6589
29.663
29.6677
29.6736
29.6771
29.6795
29.6883
29.6912
29.703
29.7053
29.7147
29.7177
29.7194
29.7265
29.7324
29.7336
29.7383
29.7471
29.7477
29.7501
29.7619
29.7737
29.7761
29.7767
29.7855
29.7903
29.7915
29.7974
29.8045
29.8063
29.8092
29.8187
29.8211
29.8329
29.8359
29.8448
29.8472
29.8507
29.8567
29.8614
29.8656
29.8686
29.8757
29.8805
29.89
29.8924
29.8954
29.9043
29.9103
29.9162
29.9186
29.9252
29.9282
29.933
29.9401
29.9473
29.9521
29.9551
29.9616
29.964
29.97
29.976
29.985
29.988
29.9904
30.0
30.0048
30.012
30.015
30.0192
30.024
30.03
30.0336
30.036
30.0451
30.0481
30.0601
30.0625
30.0722
30.0752
30.077
30.0842
30.0903
30.0915
30.0963
30.1054
30.106
30.1084
30.1205
30.1326
30.135
30.1356
30.1447
30.1495
30.1508
30.1568
30.1641
30.1659
30.1689
30.1787
30.1811
30.1932
30.1963
30.2054
30.2078
30.2115
30.2176
30.2224
30.2267
30.2297
30.2371
30.2419
30.2517
30.2541
30.2572
30.2663
30.2725
30.2786
30.281
30.2877
30.2908
30.2957
30.303
30.3104
30.3153
30.3183
30.3251
30.3275
30.3337
30.3398
30.349
30.3521
30.3545
30.3644
30.3693
30.3767
30.3797
30.3841
30.389
30.3951
30.3988
30.4013
30.4105
30.4136
30.426
30.4284
30.4383
30.4414
30.4433
30.4507
30.4569
30.4581
30.463
30.4723
30.4729
30.4754
30.4878
30.5002
30.5027
30.5033
30.5126
30.5176
30.5188
30.525
30.5325
30.5344
30.5375
30.5474
30.5499
30.5623
30.5655
30.5748
30.5773
30.581
30.5873
30.5923
30.5966
30.5998
30.6072
30.6122
30.6222
30.6247
30.6279
30.6373
30.6435
30.6498
30.6523
30.6592
30.6623
30.6673
30.6748
30.6824
30.6874
30.6905
30.6974
30.7
30.7062
30.7125
30.722
30.7251
30.7276
30.7377
30.7427
30.7503
30.7535
30.7579
30.7629
30.7692
30.773
30.7755
30.785
30.7882
30.8008
30.8034
30.8135
30.8166
30.8185
30.8261
30.8325
30.8337
30.8388
30.8483
30.849
30.8515
30.8642
30.8769
30.8794
30.8801
30.8896
30.8947
30.896
30.9023
30.91
30.9119
30.9151
30.9253
30.9278
30.9406
30.9438
30.9534
30.9559
30.9598
30.9661
30.9713
30.9757
30.9789
30.9866
30.9917
31.002
31.0045
31.0078
31.0174
31.0238
31.0302
31.0328
31.0398
31.043
31.0482
31.0559
31.0636
31.0688
31.072
31.0791
31.0816
31.0881
31.0945
31.1042
31.1074
31.11
31.1203
31.1255
31.1333
31.1365
31.141
31.1462
31.1526
31.1565
31.1591
31.1688
31.1721
31.185
31.1876
31.198
31.2012
31.2032
31.211
31.2175
31.2188
31.224
31.2337
31.2344
31.237
31.25
31.263
31.2656
31.2663
31.2761
31.2813
31.2826
31.2891
31.2969
31.2989
31.3022
31.3126
31.3152
31.3283
31.3316
31.3414
31.344
31.348
31.3545
31.3598
31.3643
31.3676
31.3755
31.3808
31.3913
31.3939
31.3972
31.407
31.4136
31.4202
31.4228
31.4301
31.4334
31.4386
31.4465
31.4545
31.4597
31.463
31.4703
31.4729
31.4795
31.4861
31.4961
31.4994
31.502
31.5126
31.5179
31.5259
31.5292
31.5338
31.5391
31.5457
31.5497
31.5524
31.5623
31.5657
31.5789
31.5816
31.5922
31.5956
31.5976
31.6056
31.6122
31.6136
31.6189
31.6289
31.6296
31.6322
31.6456
31.6589
31.6616
31.6623
31.6723
31.6776
31.679
31.6857
31.6937
31.6957
31.6991
31.7098
31.7125
31.7259
31.7292
31.7393
31.742
31.746
31.7528
31.7581
31.7628
31.7662
31.7743
31.7797
31.7904
31.7931
31.7965
31.8066
31.8134
31.8201
31.8228
31.8302
31.8336
31.839
31.8471
31.8552
31.8607
31.864
31.8715
31.8742
31.881
31.8878
31.8979
31.9013
31.904
31.9149
31.9203
31.9285
31.9319
31.9366
31.9421
31.9489
31.953
31.9557
31.9659
31.9693
31.9829
31.9857
31.9966
32.0
32.002
32.0102
32.0171
32.0184
32.0239
32.0342
32.0349
32.0376
32.0513
32.065
32.0677
32.0684
32.0787
32.0842
32.0856
32.0924
32.1007
32.1027
32.1062
32.1172
32.1199
32.1337
32.1371
32.1474
32.1502
32.1543
32.1612
32.1668
32.1716
32.175
32.1833
32.1888
32.1999
32.2027
32.2061
32.2165
32.2234
32.2303
32.2331
32.2407
32.2442
32.2497
32.2581
32.2664
32.2719
32.2754
32.2831
32.2858
32.2928
32.2997
32.3102
32.3137
32.3164
32.3276
32.3332
32.3415
32.345
32.3499
32.3555
32.3625
32.3666
32.3694
32.3799
32.3834
32.3974
32.4002
32.4114
32.4149
32.417
32.4254
32.4324
32.4338
32.4394
32.45
32.4507
32.4535
32.4675
32.4816
32.4844
32.4851
32.4957
32.5013
32.5027
32.5098
32.5182
32.5203
32.5239
32.5351
32.538
32.5521
32.5556
32.5662
32.569
32.5733
32.5804
32.586
32.591
32.5945
32.603
32.6087
32.62
32.6229
32.6264
32.6371
32.6442
32.6513
32.6541
32.6619
32.6655
32.6712
32.6797
32.6883
32.694
32.6975
32.7054
32.7082
32.7154
32.7225
32.7332
32.7368
32.7397
32.7511
32.7568
32.7654
32.769
32.774
32.7797
32.7869
32.7912
32.7941
32.8048
32.8084
32.8228
32.8256
32.8371
32.8407
32.8429
32.8515
32.8587
32.8601
32.8659
32.8767
32.8774
32.8803
32.8947
32.9092
32.9121
32.9128
32.9236
32.9294
32.9308
32.9381
32.9468
32.9489
32.9525
32.9641
32.967
32.9815
32.9852
32.996
32.9989
33.0033
33.0106
33.0164
33.0215
33.0251
33.0338
33.0396
33.0513
33.0542
33.0579
33.0688
33.0761
33.0834
33.0863
33.0943
33.098
33.1038
33.1126
33.1214
33.1272
33.1309
33.1389
33.1418
33.1492
33.1565
33.1675
33.1712
33.1741
33.1858
33.1917
33.2005
33.2042
33.2094
33.2152
33.2226
33.227
33.23
33.241
33.2447
33.2594
33.2624
33.2742
33.2779
33.2801
33.2889
33.2963
33.2978
33.3037
33.3148
33.3156
33.3185
33.3333
33.3482
33.3511
33.3519
33.363
33.3689
33.3704
33.3778
33.3868
33.389
33.3927
33.4046
33.4076
33.4225
33.4262
33.4374
33.4403
33.4448
33.4523
33.4582
33.4635
33.4672
33.4762
33.4821
33.4941
33.4971
33.5008
33.5121
33.5196
33.527
33.53
33.5383
33.542
33.548
33.557
33.5661
33.5721
33.5758
33.5841
33.5871
33.5946
33.6022
33.6134
33.6172
33.6202
33.6323
33.6383
33.6474
33.6511
33.6564
33.6625
33.67
33.6746
33.6776
33.6889
33.6927
33.7079
33.7109
33.723
33.7268
33.7291
33.7382
33.7458
33.7473
33.7534
33.7648
33.7655
33.7686
33.7838
33.799
33.8021
33.8028
33.8142
33.8203
33.8219
33.8295
33.8387
33.8409
33.8448
33.857
33.86
33.8753
33.8792
33.8906
33.8937
33.8983
33.906
33.9121
33.9175
33.9213
33.9305
33.9367
33.9489
33.952
33.9559
33.9674
33.9751
33.9828
33.9859
33.9943
33.9982
34.0044
34.0136
34.0229
34.029
34.0329
34.0414
34.0445
34.0522
34.0599
34.0716
34.0754
34.0785
34.0909
34.0971
34.1064
34.1103
34.1157
34.1219
34.1297
34.1344
34.1375
34.1491
34.153
34.1686
34.1717
34.1841
34.188
34.1904
34.1997
34.2075
34.2091
34.2153
34.227
34.2278
34.2309
34.2466
34.2622
34.2654
34.2661
34.2779
34.2841
34.2857
34.2936
34.303
34.3053
34.3092
34.3218
34.3249
34.3407
34.3446
34.3564
34.3595
34.3643
34.3721
34.3784
34.384
34.3879
34.3974
34.4037
34.4163
34.4195
34.4234
34.4353
34.4432
34.4511
34.4542
34.463
34.4669
34.4732
34.4828
34.4923
34.4986
34.5026
34.5113
34.5145
34.5224
34.5304
34.5423
34.5463
34.5495
34.5622
34.5686
34.5781
34.5821
34.5877
34.5941
34.6021
34.6069
34.6101
34.622
34.626
34.642
34.6452
34.658
34.662
34.6644
34.6741
34.6821
34.6837
34.6901
34.7021
34.7029
34.7062
34.7222
34.7383
34.7415
34.7423
34.7544
34.7608
34.7625
34.7705
34.7802
34.7826
34.7866
34.7996
34.8028
34.8189
34.823
34.8351
34.8384
34.8432
34.8513
34.8578
34.8635
34.8675
34.8772
34.8837
34.8967
34.9
34.904
34.9162
34.9243
34.9325
34.9357
34.9447
34.9487
34.9553
34.965
34.9748
34.9813
34.9854
34.9944
34.9977
35.0058
35.014
35.0263
35.0304
35.0336
35.0467
35.0533
35.0631
35.0672
35.073
35.0795
35.0877
35.0926
35.0959
35.1083
35.1124
35.1288
35.1321
35.1453
35.1494
35.1519
35.1617
35.17
35.1716
35.1782
35.1906
35.1914
35.1947
35.2113
35.2278
35.2311
35.2319
35.2444
35.251
35.2526
35.2609
35.2709
35.2734
35.2775
35.2908
35.2941
35.3107
35.3149
35.3274
35.3307
35.3357
35.344
35.3507
35.3565
35.3607
35.3707
35.3774
35.3907
35.3941
35.3982
35.4108
35.4191
35.4275
35.4308
35.44
35.4442
35.4509
35.461
35.4711
35.4778
35.482
35.4912
35.4946
35.503
35.5114
35.524
35.5282
35.5316
35.545
35.5518
35.5619
35.5661
35.572
35.5787
35.5872
35.5923
35.5956
35.6083
35.6125
35.6295
35.6328
35.6464
35.6506
35.6532
35.6633
35.6718
35.6735
35.6803
35.693
35.6939
35.6973
35.7143
35.7313
35.7347
35.7356
35.7483
35.7551
35.7569
35.7654
35.7756
35.7782
35.7824
35.7961
35.7995
35.8166
35.8209
35.8337
35.8372
35.8423
35.8509
35.8577
35.8637
35.868
35.8783
35.8852
35.8989
35.9023
35.9066
35.9195
35.9281
35.9368
35.9402
35.9497
35.954
35.9609
35.9712
35.9816
35.9885
35.9928
36.0023
36.0058
36.0144
36.0231
36.036
36.0404
36.0438
36.0577
36.0646
36.075
36.0794
36.0855
36.0924
36.1011
36.1063
36.1098
36.1228
36.1272
36.1446
36.1481
36.162
36.1664
36.169
36.1795
36.1882
36.1899
36.1969
36.21
36.2109
36.2144
36.2319
36.2494
36.2529
36.2538
36.2669
36.2739
36.2757
36.2845
36.295
36.2976
36.302
36.3161
36.3196
36.3372
36.3416
36.3548
36.3583
36.3636
36.3725
36.3795
36.3857
36.3901
36.4007
36.4078
36.4219
36.4254
36.4299
36.4431
36.452
36.4609
36.4644
36.4742
36.4786
36.4857
36.4964
36.507
36.5141
36.5186
36.5283
36.5319
36.5408
36.5497
36.5631
36.5675
36.5711
36.5854
36.5925
36.6032
36.6077
36.6139
36.6211
36.63
36.6354
36.639
36.6524
36.6569
36.6748
36.6784
36.6928
36.6972
36.6999
36.7107
36.7197
36.7215
36.7287
36.7422
36.7431
36.7467
36.7647
36.7827
36.7863
36.7872
36.8008
36.808
36.8098
36.8189
36.8297
36.8324
36.8369
36.8514
36.855
36.8732
36.8777
36.8913
36.8949
36.9004
36.9094
36.9167
36.9231
36.9276
36.9385
36.9458
36.9604
36.964
36.9686
36.9822
36.9914
37.0005
37.0041
37.0142
37.0188
37.0261
37.037
37.048
37.0553
37.0599
37.07
37.0737
37.0828
37.092
37.1058
37.1103
37.114
37.1287
37.1361
37.1471
37.1517
37.1581
37.1655
37.1747
37.1802
37.1839
37.1978
37.2024
37.2208
37.2245
37.2393
37.2439
37.2467
37.2578
37.2671
37.2689
37.2763
37.2902
37.2912
37.2949
37.3134
37.332
37.3357
37.3367
37.3506
37.358
37.3599
37.3692
37.3804
37.3832
37.3878
37.4028
37.4065
37.4251
37.4298
37.4438
37.4476
37.4532
37.4625
37.47
37.4766
37.4813
37.4925
37.5
37.515
37.5188
37.5235
37.5375
37.5469
37.5563
37.5601
37.5704
37.5752
37.5827
37.594
37.6053
37.6128
37.6176
37.6279
37.6317
37.6412
37.6506
37.6648
37.6695
37.6733
37.6884
37.696
37.7074
37.7121
37.7188
37.7264
37.7358
37.7415
37.7453
37.7596
37.7644
37.7834
37.7872
37.8024
37.8072
37.81
37.8215
37.831
37.8329
37.8406
37.8549
37.8558
37.8597
37.8788
37.8979
37.9018
37.9027
37.9171
37.9248
37.9267
37.9363
37.9478
37.9507
37.9555
37.9708
37.9747
37.9939
37.9987
38.0132
38.017
38.0228
38.0325
38.0402
38.0469
38.0518
38.0633
38.0711
38.0865
38.0904
38.0952
38.1098
38.1194
38.1291
38.133
38.1437
38.1485
38.1563
38.1679
38.1796
38.1874
38.1922
38.2029
38.2068
38.2166
38.2263
38.2409
38.2458
38.2497
38.2653
38.2731
38.2848
38.2897
38.2966
38.3044
38.3142
38.32
38.324
38.3387
38.3436
38.3632
38.3671
38.3828
38.3877
38.3907
38.4025
38.4123
38.4143
38.4221
38.4369
38.4379
38.4418
38.4615
38.4813
38.4852
38.4862
38.501
38.5089
38.5109
38.5208
38.5327
38.5356
38.5406
38.5564
38.5604
38.5802
38.5852
38.6001
38.6041
38.61
38.62
38.6279
38.6349
38.6399
38.6518
38.6598
38.6757
38.6797
38.6847
38.6997
38.7097
38.7197
38.7237
38.7347
38.7397
38.7477
38.7597
38.7717
38.7797
38.7847
38.7958
38.7998
38.8098
38.8199
38.835
38.84
38.844
38.8601
38.8682
38.8802
38.8853
38.8923
38.9004
38.9105
38.9166
38.9206
38.9358
38.9408
38.961
38.9651
38.9813
38.9864
38.9894
39.0016
39.0117
39.0137
39.0219
39.0371
39.0381
39.0422
39.0625
39.0829
39.0869
39.0879
39.1032
39.1114
39.1134
39.1236
39.1359
39.1389
39.1441
39.1604
39.1645
39.185
39.1901
39.2054
39.2095
39.2157
39.2259
39.2341
39.2413
39.2465
39.2588
39.267
39.2835
39.2876
39.2927
39.3082
39.3185
39.3288
39.3329
39.3443
39.3494
39.3577
39.3701
39.3825
39.3908
39.3959
39.4073
39.4115
39.4218
39.4322
39.4477
39.4529
39.4571
39.4737
39.482
39.4945
39.4997
39.507
39.5153
39.5257
39.5319
39.5361
39.5517
39.557
39.5778
39.582
39.5987
39.604
39.6071
39.6197
39.6301
39.6322
39.6406
39.6563
39.6574
39.6616
39.6825
39.7035
39.7078
39.7088
39.7246
39.733
39.7351
39.7456
39.7583
39.7614
39.7667
39.7836
39.7878
39.8089
39.8142
39.8301
39.8343
39.8406
39.8512
39.8597
39.8671
39.8724
39.8851
39.8936
39.9106
39.9148
39.9202
39.9361
39.9467
39.9574
39.9616
39.9734
39.9787
39.9872
40.0
40.0128
40.0213
40.0267
40.0384
40.0427
40.0534
40.0641
40.0802
40.0855
40.0898
40.107
40.1155
40.1284
40.1338
40.1413
40.1499
40.1606
40.1671
40.1714
40.1875
40.1929
40.2145
40.2188
40.2361
40.2414
40.2447
40.2576
40.2685
40.2706
40.2793
40.2955
40.2966
40.3009
40.3226
40.3443
40.3486
40.3497
40.366
40.3747
40.3769
40.3877
40.4008
40.404
40.4095
40.4269
40.4313
40.4531
40.4585
40.4749
40.4793
40.4858
40.4968
40.5055
40.5132
40.5186
40.5318
40.5405
40.5581
40.5625
40.568
40.5844
40.5954
40.6064
40.6108
40.6229
40.6284
40.6372
40.6504
40.6636
40.6725
40.678
40.6901
40.6945
40.7056
40.7166
40.7332
40.7387
40.7432
40.7609
40.7697
40.783
40.7886
40.7963
40.8052
40.8163
40.823
40.8274
40.8441
40.8497
40.8719
40.8764
40.8942
40.8998
40.9031
40.9165
40.9277
40.9299
40.9389
40.9556
40.9567
40.9612
40.9836
41.006
41.0105
41.0116
41.0284
41.0374
41.0397
41.0509
41.0644
41.0678
41.0734
41.0914
41.0959
41.1184
41.1241
41.141
41.1455
41.1523
41.1636
41.1726
41.1805
41.1862
41.1997
41.2088
41.2269
41.2314
41.2371
41.2541
41.2655
41.2768
41.2814
41.2939
41.2996
41.3087
41.3223
41.336
41.3451
41.3508
41.3633
41.3679
41.3793
41.3907
41.4079
41.4136
41.4182
41.4365
41.4456
41.4594
41.4651
41.4731
41.4823
41.4938
41.5007
41.5053
41.5225
41.5282
41.5512
41.5559
41.5743
41.58
41.5835
41.5973
41.6089
41.6112
41.6204
41.6378
41.6389
41.6435
41.6667
41.6898
41.6945
41.6956
41.713
41.7223
41.7246
41.7362
41.7502
41.7537
41.7595
41.7781
41.7827
41.806
41.8118
41.8293
41.834
41.841
41.8527
41.862
41.8702
41.876
41.8901
41.8994
41.9182
41.9229
41.9287
41.9463
41.958
41.9698
41.9745
41.9874
41.9933
42.0027
42.0168
42.0309
42.0404
42.0463
42.0592
42.0639
42.0757
42.0875
42.1053
42.1112
42.1159
42.1348
42.1443
42.1585
42.1644
42.1727
42.1822
42.1941
42.2012
42.206
42.2238
42.2297
42.2535
42.2583
42.2773
42.2833
42.2869
42.3012
42.3131
42.3155
42.3251
42.343
42.3442
42.349
42.3729
42.3968
42.4016
42.4028
42.4208
42.4304
42.4328
42.4448
42.4592
42.4628
42.4689
42.4881
42.4929
42.517
42.523
42.5411
42.5459
42.5532
42.5653
42.5749
42.5834
42.5894
42.604
42.6136
42.633
42.6379
42.6439
42.6621
42.6743
42.6864
42.6913
42.7046
42.7107
42.7204
42.735
42.7497
42.7594
42.7655
42.7789
42.7838
42.796
42.8082
42.8266
42.8327
42.8376
42.8571
42.8669
42.8816
42.8878
42.8964
42.9062
42.9185
42.9258
42.9307
42.9492
42.9553
42.9799
42.9849
43.0046
43.0108
43.0145
43.0293
43.0416
43.0441
43.054
43.0725
43.0737
43.0787
43.1034
43.1282
43.1332
43.1344
43.153
43.163
43.1655
43.1779
43.1928
43.1965
43.2028
43.2227
43.2277
43.2526
43.2588
43.2776
43.2825
43.29
43.3025
43.3125
43.3213
43.3276
43.3426
43.3526
43.3727
43.3777
43.3839
43.4028
43.4153
43.4279
43.4329
43.4468
43.4531
43.4631
43.4783
43.4934
43.5035
43.5098
43.5237
43.5287
43.5414
43.554
43.573
43.5793
43.5844
43.6047
43.6148
43.63
43.6364
43.6453
43.6554
43.6681
43.6758
43.6808
43.6999
43.7063
43.7318
43.7369
43.7573
43.7637
43.7675
43.7828
43.7956
43.7982
43.8084
43.8276
43.8289
43.834
43.8596
43.8853
43.8904
43.8917
43.911
43.9213
43.9239
43.9367
43.9522
43.956
43.9625
43.9831
43.9883
44.0141
44.0205
44.0399
44.0451
44.0529
44.0658
44.0762
44.0852
44.0917
44.1073
44.1176
44.1384
44.1436
44.1501
44.1696
44.1826
44.1956
44.2008
44.2152
44.2217
44.2321
44.2478
44.2635
44.2739
44.2804
44.2948
44.3001
44.3131
44.3262
44.3459
44.3525
44.3577
44.3787
44.3892
44.405
44.4115
44.4208
44.4313
44.4444
44.4523
44.4576
44.4774
44.484
44.5104
44.5157
44.5368
44.5434
44.5474
44.5633
44.5765
44.5792
44.5898
44.6097
44.611
44.6163
44.6429
44.6694
44.6748
44.6761
44.6961
44.7067
44.7094
44.7227
44.7387
44.7427
44.7494
44.7708
44.7761
44.8029
44.8096
44.8296
44.835
44.843
44.8565
44.8672
44.8766
44.8833
44.8994
44.9102
44.9317
44.9371
44.9438
44.964
44.9775
44.991
44.9964
45.0113
45.018
45.0288
45.045
45.0613
45.0721
45.0789
45.0938
45.0992
45.1128
45.1264
45.1467
45.1535
45.159
45.1807
45.1916
45.208
45.2148
45.2243
45.2352
45.2489
45.2571
45.2625
45.283
45.2899
45.3172
45.3227
45.3446
45.3515
45.3556
45.3721
45.3858
45.3885
45.3995
45.4201
45.4215
45.427
45.4545
45.4821
45.4876
45.489
45.5097
45.5208
45.5235
45.5373
45.5539
45.5581
45.565
45.5872
45.5927
45.6204
45.6274
45.6482
45.6538
45.6621
45.676
45.6871
45.6969
45.7038
45.7206
45.7317
45.754
45.7596
45.7666
45.7875
45.8015
45.8155
45.8211
45.8365
45.8435
45.8547
45.8716
45.8884
45.8996
45.9067
45.9221
45.9277
45.9418
45.9559
45.977
45.9841
45.9897
46.0123
46.0236
46.0405
46.0476
46.0575
46.0688
46.0829
46.0914
46.0971
46.1184
46.1255
46.1538
46.1595
46.1823
46.1894
46.1936
46.2107
46.225
46.2278
46.2392
46.2606
46.262
46.2677
46.2963
46.3249
46.3306
46.332
46.3535
46.365
46.3679
46.3822
46.3994
46.4037
46.4109
46.4339
46.4396
46.4684
46.4756
46.4972
46.503
46.5116
46.5261
46.5376
46.5477
46.5549
46.5723
46.5839
46.607
46.6128
46.62
46.6418
46.6563
46.6708
46.6766
46.6926
46.6999
46.7115
46.729
46.7464
46.7581
46.7654
46.7814
46.7873
46.8019
46.8165
46.8384
46.8457
46.8516
46.875
46.8867
46.9043
46.9116
46.9219
46.9337
46.9484
46.9572
46.9631
46.9851
46.9925
47.0219
47.0278
47.0514
47.0588
47.0633
47.081
47.0958
47.0987
47.1106
47.1328
47.1342
47.1402
47.1698
47.1995
47.2054
47.2069
47.2292
47.2411
47.2441
47.259
47.2769
47.2813
47.2888
47.3126
47.3186
47.3485
47.356
47.3784
47.3844
47.3934
47.4083
47.4203
47.4308
47.4383
47.4563
47.4684
47.4924
47.4984
47.5059
47.5285
47.5436
47.5587
47.5647
47.5813
47.5888
47.6009
47.619
47.6372
47.6493
47.6569
47.6735
47.6796
47.6948
47.7099
47.7327
47.7403
47.7464
47.7707
47.7829
47.8011
47.8088
47.8194
47.8316
47.8469
47.856
47.8622
47.8851
47.8927
47.9233
47.9294
47.954
47.9616
47.9662
47.9846
48.0
48.0031
48.0154
48.0384
48.04
48.0461
48.0769
48.1078
48.1139
48.1155
48.1386
48.151
48.1541
48.1696
48.1881
48.1928
48.2005
48.2253
48.2315
48.2625
48.2703
48.2936
48.2998
48.3092
48.3247
48.3372
48.3481
48.3559
48.3746
48.3871
48.4121
48.4183
48.4262
48.4496
48.4653
48.4809
48.4872
48.5044
48.5123
48.5248
48.5437
48.5625
48.5751
48.583
48.6003
48.6066
48.6224
48.6381
48.6618
48.6697
48.676
48.7013
48.714
48.7329
48.7409
48.752
48.7646
48.7805
48.79
48.7964
48.8202
48.8281
48.8599
48.8663
48.8918
48.8998
48.9045
48.9237
48.9396
48.9428
48.9556
48.9796
48.9812
48.9876
49.0196
49.0517
49.0581
49.0597
49.0838
49.0966
49.0998
49.1159
49.1352
49.14
49.1481
49.1739
49.1803
49.2126
49.2207
49.2449
49.2514
49.2611
49.2773
49.2902
49.3016
49.3097
49.3291
49.3421
49.3681
49.3746
49.3827
49.4071
49.4234
49.4397
49.4462
49.4641
49.4723
49.4854
49.505
49.5246
49.5376
49.5458
49.5638
49.5704
49.5868
49.6032
49.6278
49.636
49.6426
49.6689
49.682
49.7018
49.71
49.7216
49.7347
49.7512
49.7611
49.7678
49.7925
49.8008
49.8339
49.8405
49.867
49.8753
49.8803
49.9002
49.9168
49.9201
49.9334
49.9584
49.96
49.9667
50.0
50.0334
50.04
50.0417
50.0668
50.0801
50.0835
50.1002
50.1203
50.1253
50.1337
50.1605
50.1672
50.2008
50.2092
50.2344
50.2412
50.2513
50.2681
50.2816
50.2934
50.3018
50.3221
50.3356
50.3626
50.3694
50.3778
50.4032
50.4202
50.4371
50.4439
50.4626
50.4711
50.4847
50.5051
50.5255
50.5391
50.5476
50.5663
50.5732
50.5902
50.6073
50.6329
50.6415
50.6483
50.6757
50.6894
50.7099
50.7185
50.7305
50.7442
50.7614
50.7717
50.7786
50.8044
50.813
50.8475
50.8544
50.882
50.8906
50.8958
50.9165
50.9338
50.9372
50.9511
50.9771
50.9788
50.9857
51.0204
51.0551
51.0621
51.0638
51.0899
51.1038
51.1073
51.1247
51.1457
51.1509
51.1596
51.1876
51.1945
51.2295
51.2383
51.2645
51.2715
51.2821
51.2996
51.3136
51.3259
51.3347
51.3558
51.3699
51.398
51.4051
51.4139
51.4403
51.458
51.4756
51.4827
51.5021
51.511
51.5251
51.5464
51.5677
51.5818
51.5907
51.6102
51.6173
51.6351
51.6529
51.6796
51.6885
51.6956
51.7241
51.7384
51.7598
51.7688
51.7813
51.7956
51.8135
51.8242
51.8314
51.8583
51.8672
51.9031
51.9103
51.9391
51.9481
51.9534
51.9751
51.9931
51.9967
52.0111
52.0382
52.04
52.0472
52.0833
52.1195
52.1268
52.1286
52.1558
52.1703
52.1739
52.1921
52.2139
52.2193
52.2284
52.2575
52.2648
52.3013
52.3104
52.3378
52.3451
52.356
52.3743
52.3889
52.4017
52.4109
52.4329
52.4476
52.4769
52.4843
52.4934
52.521
52.5394
52.5578
52.5652
52.5855
52.5947
52.6094
52.6316
52.6537
52.6685
52.6778
52.6981
52.7056
52.7241
52.7426
52.7704
52.7797
52.7872
52.8169
52.8318
52.8541
52.8634
52.8765
52.8914
52.9101
52.9213
52.9287
52.9568
52.9661
53.0035
53.011
53.041
53.0504
53.056
53.0786
53.0973
53.1011
53.1161
53.1444
53.1463
53.1538
53.1915
53.2292
53.2368
53.2387
53.267
53.2822
53.286
53.3049
53.3276
53.3333
53.3428
53.3732
53.3808
53.4188
53.4283
53.4569
53.4645
53.4759
53.495
53.5103
53.5236
53.5332
53.5561
53.5714
53.6021
53.6097
53.6193
53.6481
53.6673
53.6865
53.6942
53.7153
53.7249
53.7403
53.7634
53.7866
53.802
53.8117
53.8329
53.8406
53.86
53.8793
53.9084
53.918
53.9258
53.9568
53.9724
53.9957
54.0054
54.019
54.0346
54.0541
54.0657
54.0735
54.1028
54.1126
54.1516
54.1594
54.1908
54.2005
54.2064
54.2299
54.2495
54.2535
54.2692
54.2986
54.3006
54.3085
54.3478
54.3872
54.3951
54.3971
54.4267
54.4425
54.4465
54.4662
54.49
54.4959
54.5058
54.5375
54.5455
54.5852
54.5951
54.6249
54.6329
54.6448
54.6647
54.6807
54.6946
54.7046
54.7285
54.7445
54.7765
54.7845
54.7945
54.8246
54.8446
54.8647
54.8727
54.8948
54.9048
54.9209
54.9451
54.9692
54.9853
54.9954
55.0176
55.0257
55.0459
55.0661
55.0964
55.1065
55.1146
55.1471
55.1633
55.1876
55.1978
55.212
55.2283
55.2486
55.2608
55.269
55.2995
55.3097
55.3506
55.3587
55.3914
55.4017
55.4078
55.4324
55.4529
55.457
55.4734
55.5042
55.5062
55.5144
55.5556
55.5967
55.605
55.607
55.638
55.6545
55.6586
55.6793
55.7041
55.7103
55.7207
55.7538
55.7621
55.8036
55.814
55.8451
55.8534
55.8659
55.8867
55.9034
55.918
55.9284
55.9534
55.9701
56.0036
56.0119
56.0224
56.0538
56.0748
56.0957
56.1041
56.1272
56.1377
56.1545
56.1798
56.205
56.2219
56.2324
56.2556
56.2641
56.2852
56.3063
56.338
56.3486
56.3571
56.391
56.4079
56.4334
56.444
56.4589
56.4759
56.4972
56.5099
56.5185
56.5504
56.5611
56.6038
56.6123
56.6465
56.6572
56.6636
56.6893
56.7108
56.7151
56.7322
56.7644
56.7666
56.7752
56.8182
56.8613
56.8699
56.872
56.9044
56.9217
56.926
56.9476
56.9736
56.9801
56.9909
57.0255
57.0342
57.0776
57.0885
57.1211
57.1298
57.1429
57.1646
57.1821
57.1973
57.2082
57.2344
57.2519
57.2869
57.2956
57.3066
57.3394
57.3614
57.3833
57.3921
57.4163
57.4273
57.4449
57.4713
57.4977
57.5153
57.5264
57.5506
57.5595
57.5816
57.6037
57.6369
57.648
57.6568
57.6923
57.7101
57.7367
57.7478
57.7634
57.7812
57.8035
57.8168
57.8258
57.8592
57.8704
57.9151
57.924
57.9598
57.971
57.9777
58.0046
58.0271
58.0316
58.0495
58.0833
58.0855
58.0945
58.1395
58.1846
58.1937
58.1959
58.2298
58.2479
58.2524
58.2751
58.3022
58.309
58.3204
58.3567
58.3658
58.4112
58.4226
58.4567
58.4659
58.4795
58.5023
58.5206
58.5366
58.548
58.5754
58.5938
58.6304
58.6396
58.651
58.6854
58.7084
58.7314
58.7406
58.7659
58.7774
58.7959
58.8235
58.8512
58.8697
58.8813
58.9067
58.9159
58.9391
58.9623
58.9971
59.0087
59.0179
59.0551
59.0737
59.1017
59.1133
59.1296
59.1483
59.1716
59.1856
59.1949
59.23
59.2417
59.2885
59.2979
59.3354
59.3472
59.3542
59.3824
59.4059
59.4106
59.4295
59.4648
59.4672
59.4766
59.5238
59.5711
59.5806
59.5829
59.6184
59.6374
59.6421
59.6659
59.6944
59.7015
59.7134
59.7514
59.761
59.8086
59.8205
59.8563
59.8659
59.8802
59.9042
59.9233
59.9401
59.952
59.9808
60.0
60.0384
60.048
60.0601
60.0962
60.1202
60.1443
60.154
60.1805
60.1926
60.2119
60.241
60.27
60.2894
60.3015
60.3282
60.3379
60.3622
60.3865
60.423
60.4351
60.4449
60.4839
60.5034
60.5327
60.5449
60.562
60.5816
60.6061
60.6208
60.6306
60.6673
60.6796
60.7287
60.7386
60.778
60.7903
60.7977
60.8273
60.8519
60.8569
60.8766
60.9137
60.9162
60.9261
60.9756
61.0252
61.0352
61.0376
61.0749
61.0948
61.0998
61.1247
61.1546
61.1621
61.1746
61.2145
61.2245
61.2745
61.287
61.3246
61.3346
61.3497
61.3748
61.3949
61.4125
61.4251
61.4553
61.4754
61.5157
61.5258
61.5385
61.5764
61.6016
61.627
61.6371
61.665
61.6776
61.6979
61.7284
61.7589
61.7792
61.792
61.82
61.8302
61.8557
61.8812
61.9195
61.9323
61.9425
61.9835
62.004
62.0347
62.0476
62.0655
62.0861
62.1118
62.1272
62.1375
62.1762
62.1891
62.2407
62.251
62.2924
62.3053
62.3131
62.3441
62.3701
62.3752
62.396
62.435
62.4376
62.448
62.5
62.5521
62.5626
62.5652
62.6043
62.6253
62.6305
62.6566
62.6881
62.6959
62.709
62.751
62.7615
62.8141
62.8272
62.8667
62.8773
62.8931
62.9195
62.9406
62.9591
62.9723
63.004
63.0252
63.0676
63.0782
63.0915
63.1313
63.1579
63.1845
63.1951
63.2244
63.2378
63.2591
63.2911
63.3232
63.3446
63.358
63.3874
63.3981
63.4249
63.4518
63.4921
63.5055
63.5163
63.5593
63.5809
63.6132
63.6267
63.6456
63.6672
63.6943
63.7105
63.7213
63.762
63.7755
63.8298
63.8407
63.8842
63.8978
63.9059
63.9386
63.9659
63.9713
63.9932
64.0342
64.0369
64.0478
64.1026
64.1574
64.1684
64.1711
64.2123
64.2343
64.2398
64.2674
64.3004
64.3087
64.3225
64.3666
64.3777
64.433
64.4468
64.4884
64.4995
64.5161
64.5439
64.5661
64.5856
64.5995
64.6329
64.6552
64.6998
64.711
64.7249
64.7668
64.7948
64.8228
64.834
64.8649
64.8789
64.9013
64.9351
64.9688
64.9913
65.0054
65.0364
65.0477
65.0759
65.1042
65.1466
65.1607
65.1721
65.2174
65.2401
65.2742
65.2884
65.3083
65.331
65.3595
65.3766
65.388
65.4308
65.445
65.5022
65.5136
65.5594
65.5738
65.5824
65.6168
65.6455
65.6513
65.6743
65.7174
65.7203
65.7318
65.7895
65.8472
65.8588
65.8617
65.9051
65.9283
65.9341
65.9631
65.9979
66.0066
66.0211
66.0677
66.0793
66.1376
66.1521
66.1959
66.2076
66.2252
66.2544
66.2778
66.2983
66.313
66.3482
66.3717
66.4187
66.4305
66.4452
66.4894
66.5188
66.5484
66.5602
66.5927
66.6075
66.6311
66.6667
66.7022
66.726
66.7408
66.7735
66.7854
66.8151
66.8449
66.8896
66.9045
66.9165
66.9643
66.9882
67.0241
67.0391
67.0601
67.0841
67.1141
67.1321
67.1441
67.1892
67.2043
67.2646
67.2766
67.325
67.3401
67.3491
67.3854
67.4157
67.4218
67.446
67.4916
67.4946
67.5068
67.5676
67.6285
67.6407
67.6437
67.6895
67.714
67.7201
67.7507
67.7874
67.7966
67.8119
67.861
67.8733
67.9348
67.9502
67.9964
68.0087
68.0272
68.0581
68.0828
68.1044
68.1199
68.157
68.1818
68.2314
68.2439
68.2594
68.306
68.3371
68.3683
68.3807
68.4151
68.4307
68.4556
68.4932
68.5307
68.5558
68.5714
68.6059
68.6185
68.6499
68.6813
68.7285
68.7443
68.7569
68.8073
68.8326
68.8705
68.8863
68.9085
68.9338
68.9655
68.9845
68.9972
69.0449
69.0608
69.1244
69.1372
69.1882
69.2042
69.2137
69.2521
69.2841
69.2905
69.3161
69.3642
69.3674
69.3802
69.4444
69.5088
69.5217
69.5249
69.5733
69.5991
69.6056
69.6379
69.6767
69.6864
69.7026
69.7545
69.7674
69.8324
69.8487
69.8975
69.9105
69.9301
69.9627
69.9888
70.0117
70.028
70.0673
70.0935
70.1459
70.159
70.1754
70.2247
70.2576
70.2905
70.3037
70.34
70.3565
70.3829
70.4225
70.4622
70.4887
70.5053
70.5418
70.555
70.5882
70.6215
70.6714
70.688
70.7014
70.7547
70.7814
70.8215
70.8383
70.8617
70.8885
70.922
70.9421
70.9555
71.0059
71.0227
71.09
71.1035
71.1575
71.1744
71.1845
71.2251
71.2589
71.2657
71.2928
71.3436
71.347
71.3606
71.4286
71.4967
71.5103
71.5137
71.5649
71.5922
71.599
71.6332
71.6743
71.6846
71.7017
71.7566
71.7703
71.8391
71.8563
71.908
71.9217
71.9424
71.977
72.0046
72.0288
72.0461
72.0877
72.1154
72.1709
72.1848
72.2022
72.2543
72.2892
72.324
72.338
72.3764
72.3938
72.4218
72.4638
72.5058
72.5338
72.5514
72.59
72.6041
72.6392
72.6744
72.7273
72.7449
72.759
72.8155
72.8438
72.8863
72.904
72.9288
72.9572
72.9927
73.014
73.0282
73.0816
73.0994
73.1707
73.185
73.2422
73.2601
73.2708
73.3138
73.3496
73.3568
73.3855
73.4394
73.443
73.4574
73.5294
73.6016
73.616
73.6196
73.6739
73.7028
73.7101
73.7463
73.7898
73.8007
73.8189
73.8771
73.8916
73.9645
73.9827
74.0375
74.0521
74.0741
74.1107
74.14
74.1656
74.184
74.228
74.2574
74.3163
74.331
74.3494
74.4048
74.4417
74.4786
74.4934
74.5342
74.5527
74.5823
74.6269
74.6714
74.7012
74.7198
74.7608
74.7757
74.813
74.8503
74.9064
74.9251
74.94
75.0
75.03
75.0751
75.0939
75.1202
75.1503
75.188
75.2106
75.2257
75.2823
75.3012
75.3769
75.392
75.4527
75.4717
75.4831
75.5287
75.5668
75.5744
75.6048
75.662
75.6659
75.6811
75.7576
75.8342
75.8495
75.8534
75.9109
75.9417
75.9494
75.9878
76.0341
76.0456
76.0649
76.1267
76.1421
76.2195
76.2389
76.297
76.3126
76.3359
76.3747
76.4059
76.4331
76.4526
76.4994
76.5306
76.5931
76.6088
76.6284
76.6871
76.7263
76.7656
76.7813
76.8246
76.8443
76.8758
76.9231
76.9704
77.0021
77.0218
77.0654
77.0812
77.1208
77.1605
77.2201
77.24
77.2559
77.3196
77.3515
77.3994
77.4194
77.4473
77.4793
77.5194
77.5434
77.5595
77.6197
77.6398
77.7202
77.7363
77.8008
77.821
77.8331
77.8816
77.9221
77.9302
77.9626
78.0234
78.0275
78.0437
78.125
78.2065
78.2228
78.2269
78.2881
78.3208
78.329
78.3699
78.4191
78.4314
78.4519
78.5176
78.534
78.6164
78.637
78.6988
78.7154
78.7402
78.7815
78.8146
78.8436
78.8644
78.9141
78.9474
79.0139
79.0306
79.0514
79.1139
79.1557
79.1975
79.2142
79.2602
79.2812
79.3147
79.3651
79.4155
79.4492
79.4702
79.5165
79.5334
79.5756
79.6178
79.6813
79.7024
79.7194
79.7872
79.8212
79.8722
79.8935
79.9233
79.9574
80.0
80.0256
80.0427
80.1068
80.1282
80.2139
80.2311
80.2998
80.3213
80.3342
80.3859
80.429
80.4376
80.4721
80.5369
80.5412
80.5585
80.6452
80.732
80.7494
80.7537
80.819
80.8538
80.8625
80.9061
80.9585
80.9717
80.9935
81.0636
81.0811
81.1688
81.1908
81.2568
81.2744
81.3008
81.3449
81.3802
81.4111
81.4332
81.4863
81.5217
81.5927
81.6104
81.6327
81.6993
81.7439
81.7884
81.8063
81.8554
81.8777
81.9135
81.9672
82.021
82.0569
82.0793
82.1288
82.1468
82.1918
82.2368
82.3045
82.3271
82.3452
82.4176
82.4538
82.5083
82.5309
82.5627
82.5991
82.6446
82.672
82.6902
82.7586
82.7815
82.8729
82.8912
82.9646
82.9876
83.0013
83.0565
83.1025
83.1117
83.1486
83.2178
83.2224
83.2408
83.3333
83.426
83.4446
83.4492
83.5189
83.5561
83.5655
83.612
83.668
83.682
83.7054
83.7802
83.7989
83.8926
83.9161
83.9866
84.0054
84.0336
84.0807
84.1184
84.1515
84.1751
84.2318
84.2697
84.3455
84.3645
84.3882
84.4595
84.507
84.5547
84.5737
84.6262
84.6501
84.6883
84.7458
84.8033
84.8416
84.8656
84.9185
84.9377
84.9858
85.034
85.1064
85.1305
85.1499
85.2273
85.266
85.3242
85.3485
85.3825
85.4214
85.4701
85.4993
85.5188
85.592
85.6164
85.7143
85.7339
85.8124
85.8369
85.8516
85.9107
85.9599
85.9697
86.0092
86.0832
86.0882
86.1079
86.2069
86.3061
86.326
86.3309
86.4055
86.4454
86.4553
86.5052
86.5651
86.5801
86.6051
86.6852
86.7052
86.8056
86.8307
86.9061
86.9263
86.9565
87.007
87.0474
87.0827
87.108
87.1688
87.2093
87.2905
87.3108
87.3362
87.4126
87.4636
87.5146
87.535
87.5912
87.6168
87.6578
87.7193
87.7809
87.822
87.8477
87.9044
87.925
87.9765
88.0282
88.1057
88.1316
88.1523
88.2353
88.2768
88.3392
88.3652
88.4017
88.4434
88.4956
88.5269
88.5478
88.6263
88.6525
88.7574
88.7784
88.8626
88.8889
88.9047
88.968
89.0208
89.0313
89.0736
89.153
89.1583
89.1795
89.2857
89.3921
89.4134
89.4188
89.4988
89.5415
89.5522
89.6057
89.67
89.6861
89.7129
89.7989
89.8204
89.9281
89.955
90.036
90.0576
90.0901
90.1442
90.1876
90.2256
90.2527
90.3179
90.3614
90.4486
90.4704
90.4977
90.5797
90.6344
90.6892
90.7112
90.7716
90.799
90.843
90.9091
90.9753
91.0194
91.047
91.1079
91.13
91.1854
91.2409
91.3242
91.352
91.3743
91.4634
91.5081
91.5751
91.6031
91.6422
91.687
91.7431
91.7768
91.7993
91.8836
91.9118
92.0245
92.0471
92.1376
92.1659
92.1829
92.2509
92.3077
92.3191
92.3645
92.4499
92.4556
92.4784
92.5926
92.707
92.73
92.7357
92.8218
92.8678
92.8793
92.9368
93.006
93.0233
93.0521
93.1446
93.1677
93.2836
93.3126
93.3998
93.423
93.4579
93.5162
93.5629
93.6037
93.633
93.7031
93.75
93.8438
93.8673
93.8967
93.985
94.0439
94.1029
94.1265
94.1915
94.2211
94.2685
94.3396
94.4109
94.4584
94.4882
94.5537
94.5776
94.6372
94.697
94.7867
94.8167
94.8407
94.9367
94.9848
95.057
95.0872
95.1294
95.1777
95.2381
95.2744
95.2986
95.3895
95.4198
95.5414
95.5657
95.6633
95.6938
95.7121
95.7854
95.8466
95.8589
95.9079
96.0
96.0061
96.0307
96.1538
96.2773
96.302
96.3082
96.401
96.4506
96.463
96.5251
96.5997
96.6184
96.6495
96.7492
96.7742
96.8992
96.9305
97.0246
97.0497
97.0874
97.1503
97.2006
97.2447
97.2763
97.352
97.4026
97.5039
97.5293
97.561
97.6563
97.7199
97.7836
97.8091
97.8793
97.9112
97.9624
98.0392
98.1162
98.1675
98.1997
98.2704
98.2962
98.3607
98.4252
98.5222
98.5545
98.5804
98.6842
98.7362
98.8142
98.8468
98.8924
98.9446
99.0099
99.0491
99.0753
99.1736
99.2063
99.3377
99.3641
99.4695
99.5025
99.5223
99.6016
99.6678
99.681
99.734
99.8336
99.8403
99.8668
100.0
100.134
100.16
100.167
100.267
100.321
100.334
100.402
100.482
100.503
100.536
100.644
100.671
100.806
100.84
100.942
100.969
101.01
101.078
101.133
101.18
101.215
101.297
101.351
101.461
101.488
101.523
101.626
101.695
101.764
101.792
101.868
101.902
101.958
102.041
102.124
102.18
102.215
102.291
102.319
102.389
102.459
102.564
102.599
102.627
102.74
102.796
102.881
102.916
102.965
103.022
103.093
103.135
103.164
103.27
103.306
103.448
103.477
103.591
103.627
103.648
103.734
103.806
103.821
103.878
103.986
103.993
104.022
104.167
104.312
104.341
104.348
104.457
104.515
104.53
104.603
104.69
104.712
104.749
104.866
104.895
105.042
105.079
105.189
105.219
105.263
105.337
105.396
105.448
105.485
105.574
105.634
105.753
105.783
105.82
105.932
106.007
106.082
106.112
106.195
106.232
106.293
106.383
106.474
106.534
106.572
106.655
106.686
106.762
106.838
106.952
106.99
107.021
107.143
107.204
107.296
107.335
107.388
107.45
107.527
107.573
107.604
107.72
107.759
107.914
107.945
108.069
108.108
108.131
108.225
108.303
108.319
108.382
108.499
108.507
108.538
108.696
108.853
108.885
108.893
109.012
109.075
109.091
109.17
109.266
109.29
109.329
109.457
109.489
109.649
109.689
109.81
109.842
109.89
109.971
110.035
110.092
110.132
110.229
110.294
110.424
110.457
110.497
110.619
110.701
110.783
110.816
110.906
110.947
111.012
111.111
111.21
111.276
111.317
111.408
111.441
111.524
111.607
111.732
111.773
111.807
111.94
112.007
112.108
112.15
112.208
112.275
112.36
112.41
112.444
112.57
112.613
112.782
112.816
112.952
112.994
113.02
113.122
113.208
113.225
113.293
113.422
113.43
113.464
113.636
113.809
113.843
113.852
113.982
114.051
114.068
114.155
114.26
114.286
114.329
114.469
114.504
114.679
114.723
114.855
114.89
114.943
115.031
115.101
115.163
115.207
115.314
115.385
115.527
115.562
115.607
115.741
115.83
115.92
115.955
116.054
116.099
116.171
116.279
116.387
116.46
116.505
116.604
116.641
116.732
116.822
116.959
117.005
117.041
117.188
117.261
117.371
117.417
117.481
117.555
117.647
117.702
117.739
117.878
117.925
118.11
118.147
118.297
118.343
118.371
118.483
118.577
118.596
118.671
118.812
118.821
118.859
119.048
119.237
119.275
119.284
119.427
119.503
119.522
119.617
119.732
119.76
119.808
119.962
120.0
120.192
120.24
120.385
120.424
120.482
120.579
120.656
120.724
120.773
120.89
120.968
121.124
121.163
121.212
121.359
121.457
121.556
121.595
121.704
121.753
121.832
121.951
122.07
122.15
122.2
122.309
122.349
122.449
122.549
122.699
122.75
122.79
122.951
123.031
123.153
123.203
123.274
123.355
123.457
123.518
123.558
123.711
123.762
123.967
124.008
124.172
124.224
124.254
124.378
124.481
124.502
124.585
124.74
124.75
124.792
125.0
125.209
125.251
125.261
125.418
125.502
125.523
125.628
125.755
125.786
125.839
126.008
126.05
126.263
126.316
126.476
126.518
126.582
126.689
126.775
126.85
126.904
127.033
127.119
127.291
127.334
127.389
127.551
127.66
127.768
127.812
127.932
127.986
128.074
128.205
128.337
128.425
128.48
128.601
128.645
128.755
128.866
129.032
129.088
129.132
129.31
129.4
129.534
129.59
129.668
129.758
129.87
129.938
129.983
130.152
130.208
130.435
130.48
130.662
130.719
130.753
130.89
131.004
131.027
131.119
131.291
131.303
131.349
131.579
131.81
131.857
131.868
132.042
132.135
132.159
132.275
132.415
132.45
132.509
132.696
132.743
132.979
133.038
133.215
133.262
133.333
133.452
133.547
133.63
133.69
133.833
133.929
134.12
134.168
134.228
134.409
134.529
134.65
134.698
134.831
134.892
134.989
135.135
135.281
135.379
135.44
135.575
135.624
135.747
135.87
136.054
136.116
136.166
136.364
136.463
136.612
136.674
136.761
136.861
136.986
137.061
137.112
137.3
137.363
137.615
137.665
137.868
137.931
137.969
138.122
138.249
138.274
138.376
138.568
138.581
138.632
138.889
139.147
139.198
139.211
139.405
139.509
139.535
139.665
139.821
139.86
139.925
140.135
140.187
140.449
140.515
140.713
140.766
140.845
140.977
141.084
141.176
141.243
141.403
141.509
141.723
141.777
141.844
142.045
142.18
142.315
142.369
142.518
142.586
142.694
142.857
143.021
143.13
143.198
143.349
143.403
143.541
143.678
143.885
143.954
144.009
144.231
144.342
144.509
144.578
144.676
144.788
144.928
145.012
145.068
145.278
145.349
145.631
145.688
145.914
145.985
146.028
146.199
146.341
146.37
146.484
146.699
146.714
146.771
147.059
147.348
147.406
147.42
147.638
147.754
147.783
147.929
148.104
148.148
148.221
148.456
148.515
148.81
148.883
149.105
149.165
149.254
149.402
149.522
149.626
149.701
149.88
150.0
150.24
150.301
150.376
150.602
150.754
150.905
150.966
151.134
151.21
151.332
151.515
151.699
151.822
151.899
152.068
152.13
152.284
152.439
152.672
152.749
152.812
153.061
153.186
153.374
153.453
153.563
153.689
153.846
153.941
154.004
154.242
154.321
154.639
154.703
154.959
155.039
155.087
155.28
155.44
155.473
155.602
155.844
155.86
155.925
156.25
156.576
156.642
156.658
156.904
157.035
157.068
157.233
157.431
157.48
157.563
157.828
157.895
158.228
158.311
158.562
158.629
158.73
158.898
159.033
159.151
159.236
159.439
159.574
159.847
159.915
160.0
160.256
160.428
160.6
160.668
160.858
160.944
161.082
161.29
161.499
161.638
161.725
161.917
161.987
162.162
162.338
162.602
162.69
162.76
163.043
163.185
163.399
163.488
163.613
163.755
163.934
164.042
164.114
164.384
164.474
164.835
164.908
165.198
165.289
165.344
165.563
165.746
165.782
165.929
166.205
166.223
166.297
166.667
167.038
167.112
167.131
167.411
167.56
167.598
167.785
168.011
168.067
168.161
168.464
168.539
168.919
169.014
169.3
169.377
169.492
169.683
169.837
169.972
170.068
170.3
170.455
170.765
170.843
170.94
171.233
171.429
171.625
171.703
171.92
172.018
172.176
172.414
172.652
172.811
172.911
173.13
173.21
173.41
173.611
173.913
174.014
174.095
174.419
174.581
174.825
174.927
175.07
175.234
175.439
175.562
175.644
175.953
176.056
176.471
176.554
176.887
176.991
177.054
177.305
177.515
177.557
177.725
178.042
178.063
178.147
178.571
178.998
179.083
179.104
179.426
179.598
179.641
179.856
180.115
180.18
180.288
180.636
180.723
181.159
181.269
181.598
181.686
181.818
182.039
182.216
182.371
182.482
182.749
182.927
183.284
183.374
183.486
183.824
184.049
184.275
184.366
184.615
184.729
184.911
185.185
185.46
185.644
185.759
186.012
186.104
186.335
186.567
186.916
187.032
187.126
187.5
187.688
187.97
188.088
188.253
188.442
188.679
188.822
188.917
189.274
189.394
189.873
189.97
190.355
190.476
190.549
190.84
191.083
191.131
191.327
191.693
191.718
191.816
192.308
192.802
192.901
192.926
193.299
193.498
193.548
193.798
194.099
194.175
194.301
194.704
194.805
195.313
195.44
195.822
195.925
196.078
196.335
196.541
196.721
196.85
197.161
197.368
197.785
197.889
198.02
198.413
198.675
198.939
199.045
199.336
199.468
199.681
200.0
200.321
200.535
200.669
200.965
201.072
201.342
201.613
202.02
202.156
202.265
202.703
202.922
203.252
203.39
203.583
203.804
204.082
204.248
204.36
204.778
204.918
205.479
205.592
206.044
206.186
206.271
206.612
206.897
206.954
207.182
207.612
207.641
207.756
208.333
208.914
209.03
209.059
209.497
209.732
209.79
210.084
210.438
210.526
210.674
211.149
211.268
211.864
212.014
212.465
212.585
212.766
213.068
213.311
213.523
213.675
214.041
214.286
214.777
214.9
215.054
215.517
215.827
216.138
216.263
216.606
216.763
217.014
217.391
217.77
218.023
218.182
218.531
218.659
218.978
219.298
219.78
219.941
220.07
220.588
220.848
221.239
221.402
221.631
221.893
222.222
222.42
222.552
223.048
223.214
223.881
224.014
224.551
224.719
224.82
225.225
225.564
225.632
225.904
226.415
226.449
226.586
227.273
227.964
228.102
228.137
228.659
228.938
229.008
229.358
229.779
229.885
230.061
230.627
230.769
231.481
231.66
232.198
232.342
232.558
232.919
233.209
233.463
233.645
234.082
234.375
234.962
235.11
235.294
235.849
236.22
236.593
236.742
237.154
237.342
237.643
238.095
238.55
238.854
239.044
239.464
239.617
240.0
240.385
240.964
241.158
241.313
241.935
242.248
242.718
242.915
243.191
243.506
243.902
244.141
244.3
244.898
245.098
245.902
246.063
246.711
246.914
247.036
247.525
247.934
248.016
248.344
248.963
249.004
249.169
250.0
250.836
251.004
251.046
251.678
252.016
252.101
252.525
253.036
253.165
253.378
254.065
254.237
255.102
255.319
255.973
256.148
256.41
256.849
257.202
257.511
257.732
258.264
258.621
259.336
259.516
259.74
260.417
260.87
261.324
261.506
262.009
262.238
262.605
263.158
263.713
264.085
264.317
264.831
265.018
265.487
265.957
266.667
266.904
267.094
267.857
268.24
268.817
269.058
269.397
269.784
270.27
270.563
270.758
271.493
271.739
272.727
272.926
273.723
273.973
274.123
274.725
275.229
275.33
275.735
276.498
276.549
276.753
277.778
278.81
279.018
279.07
279.851
280.269
280.374
280.899
281.532
281.69
281.955
282.805
283.019
284.091
284.36
285.171
285.388
285.714
286.26
286.697
287.081
287.356
288.018
288.462
289.352
289.575
289.855
290.698
291.262
291.829
292.056
292.683
292.969
293.427
294.118
294.811
295.276
295.567
296.209
296.443
297.03
297.619
298.507
298.805
299.043
300.0
300.481
301.205
301.508
301.932
302.419
303.03
303.398
303.644
304.569
304.878
306.122
306.373
307.377
307.692
307.882
308.642
309.278
309.406
309.917
310.881
310.945
311.203
312.5
313.808
314.07
314.136
315.126
315.657
315.789
316.456
317.259
317.46
317.797
318.878
319.149
320.513
320.856
321.888
322.165
322.581
323.276
323.834
324.324
324.675
325.521
326.087
327.225
327.511
327.869
328.947
329.67
330.396
330.688
331.492
331.858
332.447
333.333
334.225
334.821
335.196
336.022
336.323
337.079
337.838
338.983
339.367
339.674
340.909
341.53
342.466
342.857
343.407
344.037
344.828
345.304
345.622
346.821
347.222
348.837
349.162
350.467
350.877
351.124
352.113
352.941
353.107
353.774
355.03
355.114
355.45
357.143
358.852
359.195
359.281
360.577
361.272
361.446
362.319
363.372
363.636
364.078
365.497
365.854
367.647
368.098
369.458
369.822
370.37
371.287
372.024
372.671
373.134
374.251
375.0
376.506
376.884
377.358
378.788
379.747
380.711
381.098
382.166
382.653
383.436
384.615
385.802
386.598
387.097
388.199
388.601
389.61
390.625
392.157
392.67
393.082
394.737
395.57
396.825
397.351
398.089
398.936
400.0
400.641
401.07
402.685
403.226
405.405
405.844
407.609
408.163
408.497
409.836
410.959
411.184
412.088
413.793
413.907
414.365
416.667
418.994
419.463
419.58
421.348
422.297
422.535
423.729
425.17
425.532
426.136
428.082
428.571
431.034
431.655
433.526
434.028
434.783
436.047
437.063
437.956
438.596
440.141
441.176
443.262
443.787
444.444
446.429
447.761
449.102
449.64
451.128
451.807
452.899
454.545
456.204
457.317
458.015
459.559
460.123
461.538
462.963
465.116
465.839
466.418
468.75
469.925
471.698
472.441
473.485
474.684
476.19
477.099
477.707
480.0
480.769
483.871
484.496
487.013
487.805
488.281
490.196
491.803
492.126
493.421
495.868
496.032
496.689
500.0
503.356
504.032
504.202
506.757
508.13
508.475
510.204
512.295
512.821
513.699
516.529
517.241
520.833
521.739
524.476
525.21
526.316
528.169
529.661
530.973
531.915
534.188
535.714
538.793
539.568
540.541
543.478
545.455
547.445
548.246
550.459
551.471
553.097
555.556
558.036
559.701
560.748
563.063
563.91
566.038
568.182
571.429
572.519
573.394
576.923
578.704
581.395
582.524
584.112
585.938
588.235
589.623
590.551
594.059
595.238
600.0
600.962
604.839
606.061
606.796
609.756
612.245
612.745
614.754
618.557
618.812
619.835
625.0
630.252
631.313
631.579
635.593
637.755
638.298
641.026
644.33
645.161
646.552
651.042
652.174
657.895
659.341
663.717
664.894
666.667
669.643
672.043
674.157
675.676
679.348
681.818
686.813
688.073
689.655
694.444
697.674
700.935
702.247
705.882
707.547
710.227
714.286
718.391
721.154
722.892
726.744
728.155
731.707
735.294
740.741
742.574
744.048
750.0
753.012
757.576
759.494
762.195
765.306
769.231
771.605
773.196
779.221
781.25
789.474
791.139
797.872
800.0
801.282
806.452
810.811
811.688
815.217
821.918
822.368
824.176
833.333
842.697
844.595
845.07
852.273
856.164
857.143
862.069
868.056
869.565
872.093
880.282
882.353
892.857
895.522
903.614
905.797
909.091
914.634
919.118
923.077
925.926
932.836
937.5
946.97
949.367
952.381
961.538
967.742
974.026
976.563
983.607
986.842
992.063
1000.0
1008.06
1013.51
1016.95
1024.59
1027.4
1034.48
1041.67
1052.63
1056.34
1059.32
1071.43
1077.59
1086.96
1090.91
1096.49
1102.94
1111.11
1116.07
1119.4
1132.08
1136.36
1153.85
1157.41
1171.88
1176.47
1179.25
1190.48
1200.0
1201.92
1209.68
1224.49
1225.49
1229.51
1250.0
1271.19
1275.51
1276.6
1293.1
1302.08
1304.35
1315.79
1329.79
1333.33
1339.29
1358.7
1363.64
1388.89
1395.35
1415.09
1420.45
1428.57
1442.31
1453.49
1463.41
1470.59
1488.1
1500.0
1524.39
1530.61
1538.46
1562.5
1578.95
1595.74
1602.56
1621.62
1630.43
1644.74
1666.67
1689.19
1704.55
1714.29
1736.11
1744.19
1764.71
1785.71
1818.18
1829.27
1838.24
1875.0
1893.94
1923.08
1935.48
1953.13
1973.68
2000.0
2016.13
2027.03
2068.97
2083.33
2142.86
2155.17
2205.88
2222.22
2232.14
2272.73
2307.69
2314.81
2343.75
2400.0
2403.85
2419.35
2500.0
2586.21
2604.17
2608.7
2678.57
2717.39
2727.27
2777.78
2840.91
2857.14
2884.62
2976.19
3000.0
3125.0
3157.89
3260.87
3289.47
3333.33
3409.09
3472.22
3529.41
3571.43
3676.47
3750.0
3906.25
3947.37
4000.0
4166.67
4285.71
4411.76
4464.29
4615.38
4687.5
4807.69
5000.0
5172.41
5208.33
5263.16
5357.14
5434.78
5555.56
5681.82
5769.23
5882.35
5952.38
6000.0
6250.0
6521.74
6578.95
6666.67
6818.18
6944.44
7142.86
7352.94
7500.0
7692.31
7812.5
7894.74
8333.33
8823.53
8928.57
9375.0
9615.38
10000.0
10344.8
10416.7
10434.8
10714.3
10869.6
10909.1
11111.1
11363.6
11428.6
11538.5
11904.8
12000.0
12500.0
12631.6
13043.5
13157.9
13333.3
13636.4
13888.9
14117.6
14285.7
14705.9
15000.0
15625.0
15789.5
16000.0
16666.7
17142.9
17647.1
17857.1
18461.5
18750.0
19230.8
20000.0
20689.7
20833.3
20869.6
21428.6
21739.1
21818.2
22222.2
22727.3
22857.1
23076.9
23809.5
24000.0
25000.0
25263.2
26087.0
26315.8
26666.7
27272.7
27777.8
28235.3
28571.4
29411.8
30000.0
31250.0
31578.9
32000.0
33333.3
34285.7
35294.1
35714.3
36923.1
37500.0
38461.5
40000.0
41666.7
42857.1
43636.4
45454.5
46153.8
48000.0
50000.0
53333.3
54545.5
55555.6
60000.0
62500.0
66666.7
68571.4
71428.6
75000.0
80000.0
83333.3
85714.3
96000.0
100000
120000
125000
150000
160000
166667
200000
240000
250000
300000
320000
333333
400000
480000
500000
600000
640000
666667
800000
960000
1000000
